10.0250 48.4981 -0.0199 -0.0196 -0.0003
10.0050 44.7369 -0.0232 -0.0195 -0.0037
9.9922 42.2297 -0.0244 -0.0186 -0.0058
9.9900 41.8083 -0.0236 -0.0171 -0.0065
10.0050 43.8324 -0.0219 -0.0155 -0.0064
10.0000 42.9779 -0.0214 -0.0139 -0.0075
10.0192 45.4430 -0.0196 -0.0120 -0.0076
10.0100 44.0142 -0.0197 -0.0101 -0.0096
9.9800 39.1923 -0.0181 -0.0077 -0.0104
10.0500 48.1838 -0.0114 -0.0051 -0.0062
10.0400 46.5574 -0.0123 -0.0036 -0.0087
10.0700 51.0185 -0.0118 -0.0014 -0.0104
10.0300 44.4255 -0.0153 0.0012 -0.0165
10.0250 43.5435 -0.0139 0.0054 -0.0192
10.0300 44.1948 -0.0111 0.0102 -0.0212
10.0100 40.9119 -0.0079 0.0155 -0.0234
10.0350 43.9102 -0.0007 0.0213 -0.0220
9.9800 34.0344 0.0052 0.0268 -0.0216
10.0900 50.5703 0.0208 0.0322 -0.0115
10.1000 52.7331 0.0253 0.0351 -0.0098
10.1100 54.9140 0.0294 0.0376 -0.0082
10.1150 55.9890 0.0329 0.0396 -0.0067
10.1200 57.0256 0.0362 0.0413 -0.0051
10.1199 57.0109 0.0392 0.0426 -0.0034
10.1300 58.9113 0.0424 0.0434 -0.0010
10.1400 60.7738 0.0445 0.0436 0.0009
10.1600 64.5648 0.0451 0.0434 0.0017
10.1700 66.4904 0.0422 0.0430 -0.0008
10.1190 60.9790 0.0363 0.0432 -0.0069
10.1000 58.6249 0.0350 0.0449 -0.0100
10.0800 56.0321 0.0354 0.0474 -0.0121
10.1000 59.4940 0.0381 0.0504 -0.0123
10.0636 54.7714 0.0382 0.0535 -0.0153
10.0500 52.8649 0.0428 0.0574 -0.0146
10.0500 52.8649 0.0501 0.0610 -0.0109
10.0600 54.3165 0.0588 0.0637 -0.0050
10.0700 55.7377 0.0678 0.0650 0.0028
10.1100 61.7378 0.0770 0.0643 0.0128
10.1700 72.6275 0.0822 0.0611 0.0212
10.1500 71.0467 0.0791 0.0558 0.0233
10.1600 73.0041 0.0763 0.0500 0.0264
10.1200 69.9267 0.0699 0.0434 0.0266
10.1299 71.8080 0.0659 0.0367 0.0292
10.1599 77.6892 0.0581 0.0294 0.0287
10.1050 74.0821 0.0424 0.0223 0.0202
10.0200 66.2334 0.0288 0.0172 0.0116
9.9800 61.0836 0.0224 0.0143 0.0081
9.9700 59.6553 0.0193 0.0123 0.0070
9.9550 57.4816 0.0162 0.0105 0.0057
9.9600 58.4564 0.0140 0.0091 0.0048
9.9250 53.3096 0.0101 0.0079 0.0022
9.9500 58.0823 0.0098 0.0074 0.0024
9.9250 54.2816 0.0056 0.0068 -0.0012
9.8900 48.1724 0.0035 0.0071 -0.0035
9.9000 49.9430 0.0058 0.0080 -0.0022
9.9050 50.8100 0.0072 0.0085 -0.0014
9.9200 53.3922 0.0082 0.0089 -0.0007
9.9000 50.2627 0.0072 0.0090 -0.0018
9.9000 50.2627 0.0087 0.0095 -0.0008
9.9100 51.7611 0.0104 0.0097 0.0007
9.9108 51.8760 0.0112 0.0095 0.0016
9.9600 59.4053 0.0118 0.0091 0.0027
9.9286 55.5850 0.0055 0.0084 -0.0030
9.8800 48.6380 0.0014 0.0092 -0.0077
9.8700 47.0558 0.0030 0.0111 -0.0081
9.9000 51.4729 0.0065 0.0131 -0.0066
9.8500 43.2250 0.0067 0.0148 -0.0081
9.9166 54.7306 0.0139 0.0168 -0.0029
9.9100 53.5939 0.0138 0.0175 -0.0037
9.9000 51.8945 0.0143 0.0184 -0.0042
9.8800 48.3842 0.0161 0.0195 -0.0034
9.9200 55.9690 0.0211 0.0203 0.0007
9.9100 54.3062 0.0215 0.0201 0.0014
9.9300 58.4023 0.0232 0.0198 0.0034
9.9500 62.8008 0.0222 0.0189 0.0032
9.9200 58.4412 0.0175 0.0181 -0.0006
9.9000 55.1903 0.0154 0.0183 -0.0029
9.8800 51.6805 0.0151 0.0190 -0.0039
9.8800 51.6805 0.0173 0.0200 -0.0026
9.8900 53.4867 0.0200 0.0206 -0.0007
9.8700 50.2582 0.0217 0.0208 0.0008
9.9100 57.6953 0.0263 0.0206 0.0057
9.9100 57.6953 0.0264 0.0192 0.0072
9.9200 59.5964 0.0259 0.0174 0.0086
9.9300 61.4773 0.0235 0.0152 0.0083
9.9000 57.7639 0.0184 0.0131 0.0053
9.8900 56.4649 0.0157 0.0118 0.0039
9.8610 52.5338 0.0132 0.0108 0.0023
9.8424 49.8361 0.0138 0.0103 0.0035
9.8500 50.9344 0.0170 0.0094 0.0076
9.8500 50.9344 0.0198 0.0075 0.0124
9.8900 56.5948 0.0232 0.0044 0.0189
9.9010 58.2478 0.0216 -0.0003 0.0219
9.9200 61.1105 0.0175 -0.0058 0.0233
9.8600 54.5622 0.0091 -0.0117 0.0208
9.8700 56.0221 0.0064 -0.0169 0.0232
9.8800 57.4494 0.0012 -0.0227 0.0239
9.8400 53.0018 -0.0070 -0.0286 0.0216
9.8300 51.8330 -0.0120 -0.0340 0.0220
9.8690 56.9631 -0.0171 -0.0395 0.0225
